#ALMAQUEST Catalogue
#all values have been converted from Salpeter to Chabrier IMF
#log10(Mstar/MSun) log10(SFR/Msun yr^-1) log10(sSFR/yr^-1)
10.532170459047933 0.6439137362619485 -9.888255828716312
10.0487701141993 0.6248137258668984 -9.42395662675098
10.058469935671468 -0.16018627055682283 -10.218656295635258
10.931570216433187 0.3621137344022836 -10.569455856182133
10.551169558779378 0.6927137278696145 -9.858556503154789
10.428670092836995 0.8736137055536355 -9.555156463481937
10.110969706789632 0.13481372378073592 -9.976055854656254
10.445869609133382 0.8366137050767983 -9.609256500103031
10.646169825808187 0.6293137275358285 -10.016855949260746
10.256770297304769 1.1899137400766457 -9.06685613999561
10.490069552675862 -0.1703862644056235 -10.660456413127934
10.303170367495198 0.5500137411733712 -9.753256553508793
10.361769839541097 0.465913733162507 -9.895956748821293
10.038069888369222 -0.5607862568715964 -10.598856681682621
10.005270167605062 0.6146137320180978 -9.390656226970707
10.179169818178792 0.3459137283941354 -9.833156341411625
11.114569827334066 0.9941137336870278 -10.120456451274906
10.002069636599202 -0.6531862712720786 -10.65525602708057
10.835370227114339 0.8187137149950112 -10.016656631328617
10.92276970984139 0.8938137196680154 -10.028956168987309
9.92786996008553 0.6538137399335946 -9.274056190349613
10.211469813601155 0.09061372808419127 -10.120956176616703
10.152670069948812 0.2016137276520576 -9.95105623612598
10.643070384279866 0.3443137236615266 -10.298756355144535
10.624770327822347 -0.19878626831568819 -10.82355665574268
10.055270358339925 0.5795137190004434 -9.47565626511768
10.218870326296468 1.0980137490411843 -9.12085604081348
9.80857007147469 0.47751372090779204 -9.330956214763676
10.70146958471932 1.4362137817522134 -9.265256637432133
10.12837044836678 0.8692137502809609 -9.259155982830082
9.88996998907723 0.6258137129922952 -9.264256233074223
10.279370471254964 0.2598137275060262 -10.019456619121586
9.899370356814046 0.24881372756563086 -9.650656455852543
10.473170443789144 0.48411371342144865 -9.988956207134281
10.141069575564046 0.8774137400766457 -9.263756507732426
10.454569979921956 -0.011886278472319656 -10.466456168987309
10.152870341555257 0.6483137213369454 -9.504556411602055
10.983369990603109 1.4020137094637002 -9.58135580430225
10.406170054690023 -0.12468628057040315 -10.53085588822559
10.856269999758382 1.344913771071061 -9.511356109478031
10.010070010439534 0.5061137282034005 -9.503956550457035
10.03677003027596 -0.4862862921575461 -10.52305673966602
10.335370227114339 -0.14678628214396577 -10.482156509258305
10.232770129458089 -0.1841862595895682 -10.416956657268559
10.032369776980062 0.6834137343545998 -9.348955863811527
9.868270083681722 -0.15608627565898042 -10.024456733562504
